14	16	3 0 2	3.2
56	10	3 0 1	13.0
67	45	0 1 2	34.8
37	61	2 3 1	3.4
42	36	3 0 2	5.6
68	20	0 3 1	3.6
44	43	3 2 1	1.8
20	44	2 1 3	4.2
10	56	2 3 0	12.2
10	1	1 3 2	119.4
59	11	3 0 2	4.0
55	73	0 1 3	1.2
1	70	1 0 2	1.2
43	30	0 3 1	21.2
57	35	0 2 3	4.4
46	60	0 2 3	11.2
17	67	1 2 3	5.4
63	72	3 0 2	119.4
21	4	1 2 0	5.8
62	13	3 1 2	1.4
71	37	2 3 1	119.4
9	65	1 2 3	5.8
44	39	0 2 3	15.4
55	21	1 0 3	13.8
10	74	3 1 0	5.2
60	75	0 3 1	3.2
52	62	2 3 1	1.6
44	20	3 1 0	13.0
71	56	3 2 1	17.4
2	62	1 0 2	120.0
40	28	3 2 1	32.0
56	6	0 1 3	1.0
60	65	1 0 3	13.8
13	65	2 1 3	5.8
42	35	3 0 2	10.6
3	30	3 2 1	13.8
44	12	3 0 1	2.0
45	31	1 0 2	5.0
20	53	3 1 2	32.0
35	11	0 1 3	34.4
68	4	1 3 0	1.6
8	60	1 0 3	21.2
10	28	0 2 1	5.6
6	48	2 3 1	82.0
10	20	2 3 0	65.4
6	43	1 2 3	4.6
11	74	1 2 3	2.8
38	65	1 3 0	32.0
13	69	2 0 3	10.6
49	39	2 1 3	12.2
29	30	0 1 3	82.0
54	75	0 3 2	15.4
32	9	1 3 0	1.4
53	25	0 3 2	120.0
75	46	1 0 3	9.6
19	25	1 0 2	4.0
17	67	3 2 0	5.6
42	69	1 3 0	1.8
31	52	0 3 1	2.8
73	41	2 3 0	15.4
64	69	1 2 3	5.2
12	30	1 3 0	32.0
28	36	0 1 2	4.6
43	68	0 1 3	21.2
1	18	0 3 2	10.6
60	0	1 3 2	17.8
8	50	3 2 0	13.0
64	7	2 0 1	7.8
17	47	2 3 0	12.2
12	44	0 1 3	5.8
52	17	2 0 1	2.0
61	71	3 1 2	1.2
56	2	0 1 2	3.0
14	3	2 1 3	1.2
39	39	2 3 0	15.4
5	9	0 1 3	2.8
72	0	2 0 3	3.0
10	27	1 3 0	2.0
52	23	2 0 1	1.2
22	22	1 2 0	17.8
43	0	0 1 2	32.0
66	15	0 2 3	7.8
47	0	0 3 2	9.6
64	24	1 3 2	119.4
22	23	1 2 0	3.2
33	7	3 1 2	120.0
73	44	2 3 0	4.6
44	3	2 1 3	34.8
53	38	2 0 3	1.4
76	13	3 2 0	1.6
41	13	3 0 1	2.0
8	13	3 1 2	17.4
51	15	0 1 2	16.6
72	24	2 0 3	2.4
55	45	1 3 0	65.4
25	22	2 3 1	82.0
3	13	1 2 3	17.4
14	8	3 1 0	5.2
45	37	3 2 1	4.6
63	24	2 0 1	4.6
40	15	0 2 1	12.2
52	31	0 1 2	1.2
78	4	2 3 0	34.4
16	67	0 1 3	15.4
68	29	3 0 2	5.4
44	22	0 3 2	6.0
66	76	2 1 3	10.8
11	73	2 3 1	13.0
52	7	3 2 1	119.4
32	61	0 1 3	34.8
47	35	1 0 2	13.0
4	7	2 3 0	12.2
61	74	0 1 3	119.4
12	11	2 3 1	2.2
70	75	3 0 2	2.0
57	76	1 3 2	10.4
7	10	3 0 1	12.2
31	28	2 0 1	5.8
9	9	3 1 2	1.8
5	34	0 2 3	2.8
62	18	3 1 0	5.0
27	20	2 0 3	5.6
15	55	0 3 1	5.6
66	33	0 3 2	3.0
8	75	3 0 1	29.2
14	63	3 2 0	4.6
70	25	1 3 2	5.8
10	22	1 2 3	32.0
41	55	2 0 3	1.8
30	72	0 3 2	16.6
40	68	0 1 2	4.4
17	58	0 1 2	10.4
68	5	2 0 1	1.6
23	3	3 0 2	2.2
52	21	3 2 0	6.0
22	0	3 2 1	5.0
59	57	3 0 2	1.8
27	20	1 3 0	1.2
16	49	0 3 1	7.8
70	28	3 0 1	3.6
51	27	1 0 3	2.6
8	24	0 2 1	11.4
6	62	0 3 2	2.4
9	5	1 3 2	3.0
14	32	0 1 3	1.2
48	78	2 3 0	120.0
15	3	1 0 2	6.0
34	22	0 3 1	16.6
68	51	0 1 2	16.6
42	63	1 2 0	3.2
16	71	3 0 2	5.4
57	45	0 2 1	119.4
22	44	1 3 2	65.4
41	59	1 3 0	34.8
70	16	3 1 2	2.8
49	76	2 1 3	7.8
19	30	0 1 2	20.6
37	38	3 0 1	120.0
38	50	3 1 0	21.2
29	53	1 2 0	34.8
42	32	3 0 1	13.0
33	15	1 2 3	34.4
66	5	3 0 2	2.4
6	13	3 1 0	1.6
13	48	3 1 2	17.4
70	46	3 0 1	5.4
35	26	0 2 3	15.4
24	69	0 3 2	3.6
15	60	0 2 3	34.4
61	17	3 0 2	2.8
44	49	3 0 1	1.0
41	76	1 2 0	3.2
67	20	0 3 2	10.4
42	21	0 1 3	20.8
52	65	1 3 0	13.0
78	0	1 0 2	17.4
23	38	3 0 2	1.6
40	11	3 2 0	13.0
68	64	3 2 0	10.8
11	73	3 0 2	1.2
2	75	2 1 3	32.0
34	35	1 3 0	9.6
20	77	0 3 1	6.0
17	8	1 3 2	34.4
77	74	3 0 1	17.4
59	21	0 2 1	120.0
45	5	1 0 3	21.2
31	41	1 2 3	1.6
69	45	2 3 1	1.8
31	13	0 3 2	7.8
6	5	0 1 3	10.4
34	76	3 0 2	1.2
27	29	0 3 2	5.6
9	23	1 2 3	65.4
67	26	2 0 1	2.4
18	30	0 1 3	29.2
43	76	1 2 3	34.4
63	75	1 3 2	1.2
43	7	3 2 0	12.2
43	29	3 0 2	5.6