30
0	0
1	0
2	0
3	0
4	0
5	0
6	0
7	0
8	0
9	0
10	0
11	0
12	0
13	0
14	0
15	0
16	0
17	0
18	0
19	0
20	1	4
21	1	4
22	1	8
23	1	8
24	1	5
25	1	5
26	1	6
27	1	6
28	1	11
29	1	11
53
0	4	A	71	5	71
0	6	B	100	4	100
0	10	A	79	9	79
0	12	B	55	8	55
0	15	B	92	1	92
0	19	B	53	9	53
1	4	B	97	6	97
1	6	A	11	9	11
2	4	B	15	2	15
2	9	A	48	5	48
2	10	B	38	3	38
2	12	A	40	1	40
2	13	B	64	3	64
2	16	B	87	9	87
3	5	B	72	5	72
3	7	B	10	2	10
3	13	B	64	2	64
3	14	B	55	2	55
3	16	B	63	8	63
3	17	B	73	10	73
4	5	B	18	5	18
4	6	A	13	5	13
4	10	A	63	9	63
4	11	A	95	5	95
4	18	A	45	4	45
5	6	B	27	4	27
5	7	A	78	9	78
5	12	A	45	6	45
6	8	A	87	6	87
6	10	A	68	9	68
6	15	A	30	2	30
6	16	B	33	3	33
7	8	B	87	9	87
7	11	A	38	4	38
7	14	B	77	7	77
7	16	A	33	7	33
8	10	A	68	6	68
8	18	A	85	9	85
9	11	B	57	4	57
10	14	B	61	10	61
10	15	B	43	7	43
10	16	A	79	3	79
10	17	B	87	3	87
10	18	A	61	8	61
11	14	B	21	1	21
11	17	B	61	5	61
11	19	A	92	8	92
12	13	A	52	5	52
13	14	B	92	9	92
14	19	A	89	2	89
15	18	A	81	8	81
15	19	A	38	8	38
16	18	A	70	10	70
