239
0	0
1	0
2	0
3	0
4	0
5	0
6	0
7	0
8	0
9	0
10	0
11	0
12	0
13	0
14	0
15	0
16	0
17	0
18	0
19	0
20	0
21	0
22	0
23	0
24	0
25	0
26	0
27	0
28	0
29	0
30	0
31	0
32	0
33	0
34	0
35	0
36	0
37	0
38	0
39	0
40	0
41	0
42	0
43	0
44	0
45	0
46	0
47	0
48	0
49	0
50	0
51	0
52	0
53	0
54	0
55	0
56	0
57	0
58	0
59	0
60	0
61	0
62	0
63	0
64	0
65	0
66	0
67	0
68	0
69	0
70	0
71	0
72	0
73	0
74	0
75	0
76	0
77	0
78	0
79	1	1	16	16
80	1	1	16	16
81	1	1	16	16
82	1	1	16	16
83	1	1	16	16
84	1	1	16	16
85	1	1	16	16
86	1	1	16	16
87	1	1	16	16
88	1	1	16	16
89	1	3	16	16
90	1	3	16	16
91	1	3	16	16
92	1	3	16	16
93	1	3	16	16
94	1	3	16	16
95	1	3	16	16
96	1	3	16	16
97	1	3	16	16
98	1	3	16	16
99	1	7	16	16
100	1	7	16	16
101	1	7	16	16
102	1	7	16	16
103	1	7	16	16
104	1	7	16	16
105	1	7	16	16
106	1	7	16	16
107	1	7	16	16
108	1	7	16	16
109	1	14	16	16
110	1	14	16	16
111	1	14	16	16
112	1	14	16	16
113	1	14	16	16
114	1	14	16	16
115	1	14	16	16
116	1	14	16	16
117	1	14	16	16
118	1	14	16	16
119	1	19	16	16
120	1	19	16	16
121	1	19	16	16
122	1	19	16	16
123	1	19	16	16
124	1	19	16	16
125	1	19	16	16
126	1	19	16	16
127	1	19	16	16
128	1	19	16	16
129	1	23	16	16
130	1	23	16	16
131	1	23	16	16
132	1	23	16	16
133	1	23	16	16
134	1	23	16	16
135	1	23	16	16
136	1	23	16	16
137	1	23	16	16
138	1	23	16	16
139	1	37	16	16
140	1	37	16	16
141	1	37	16	16
142	1	37	16	16
143	1	37	16	16
144	1	37	16	16
145	1	37	16	16
146	1	37	16	16
147	1	37	16	16
148	1	37	16	16
149	1	38	16	16
150	1	38	16	16
151	1	38	16	16
152	1	38	16	16
153	1	38	16	16
154	1	38	16	16
155	1	38	16	16
156	1	38	16	16
157	1	38	16	16
158	1	38	16	16
159	1	39	16	16
160	1	39	16	16
161	1	39	16	16
162	1	39	16	16
163	1	39	16	16
164	1	39	16	16
165	1	39	16	16
166	1	39	16	16
167	1	39	16	16
168	1	39	16	16
169	1	47	16	16
170	1	47	16	16
171	1	47	16	16
172	1	47	16	16
173	1	47	16	16
174	1	47	16	16
175	1	47	16	16
176	1	47	16	16
177	1	47	16	16
178	1	47	16	16
179	1	51	16	16
180	1	51	16	16
181	1	51	16	16
182	1	51	16	16
183	1	51	16	16
184	1	51	16	16
185	1	51	16	16
186	1	51	16	16
187	1	51	16	16
188	1	51	16	16
189	1	62	16	16
190	1	62	16	16
191	1	62	16	16
192	1	62	16	16
193	1	62	16	16
194	1	62	16	16
195	1	62	16	16
196	1	62	16	16
197	1	62	16	16
198	1	62	16	16
199	1	65	16	16
200	1	65	16	16
201	1	65	16	16
202	1	65	16	16
203	1	65	16	16
204	1	65	16	16
205	1	65	16	16
206	1	65	16	16
207	1	65	16	16
208	1	65	16	16
209	1	68	16	16
210	1	68	16	16
211	1	68	16	16
212	1	68	16	16
213	1	68	16	16
214	1	68	16	16
215	1	68	16	16
216	1	68	16	16
217	1	68	16	16
218	1	68	16	16
219	1	69	16	16
220	1	69	16	16
221	1	69	16	16
222	1	69	16	16
223	1	69	16	16
224	1	69	16	16
225	1	69	16	16
226	1	69	16	16
227	1	69	16	16
228	1	69	16	16
229	1	71	16	16
230	1	71	16	16
231	1	71	16	16
232	1	71	16	16
233	1	71	16	16
234	1	71	16	16
235	1	71	16	16
236	1	71	16	16
237	1	71	16	16
238	1	71	16	16
147
0	1	20000	2	20000
0	2	20000	2	20000
0	3	20000	1	20000
0	4	20000	16	20000
1	32	20000	2	20000
1	47	20000	1	20000
1	46	20000	1	20000
1	63	20000	1	20000
2	47	20000	1	20000
2	3	20000	2	20000
2	46	20000	1	20000
2	31	20000	1	20000
3	5	20000	2	20000
3	6	20000	2	20000
4	42	20000	2	20000
4	43	20000	1	20000
4	13	80000	1	80000
4	15	20000	1	20000
4	16	20000	1	20000
4	25	20000	1	20000
4	28	20000	1	20000
5	33	20000	1	20000
5	36	20000	1	20000
5	41	20000	1	20000
5	47	20000	1	20000
5	63	20000	1	20000
5	31	20000	1	20000
6	36	20000	1	20000
6	41	20000	1	20000
6	45	20000	1	20000
6	47	20000	1	20000
6	35	20000	1	20000
7	8	20000	2	20000
7	9	20000	7	20000
7	10	20000	2	20000
7	11	20000	1	20000
7	12	20000	1	20000
7	13	80000	7	80000
7	14	80000	2	80000
8	68	20000	3	20000
8	10	20000	1	20000
8	11	80000	2	80000
8	54	20000	3	20000
8	71	20000	10	20000
9	70	20000	1	20000
9	72	20000	6	20000
9	17	20000	6	20000
9	19	20000	1	20000
9	52	80000	8	80000
10	20	20000	2	20000
11	12	20000	1	20000
11	20	80000	2	80000
11	21	80000	29	80000
11	22	80000	29	80000
11	23	20000	29	20000
11	24	20000	3	20000
12	13	20000	7	20000
13	48	20000	2	20000
13	67	20000	8	20000
13	43	20000	1	20000
13	15	20000	1	20000
13	16	20000	1	20000
13	25	20000	1	20000
13	27	80000	8	80000
13	28	20000	1	20000
13	29	20000	8	20000
14	20	80000	1	80000
14	55	20000	1	20000
14	56	20000	32	20000
14	57	20000	3	20000
14	58	20000	29	20000
14	59	20000	3	20000
15	16	20000	1	20000
16	25	20000	1	20000
17	18	20000	1	20000
17	19	20000	6	20000
18	24	20000	1	20000
18	41	20000	21	20000
19	70	20000	1	20000
20	21	80000	29	80000
20	22	80000	29	80000
20	23	20000	29	20000
20	55	20000	1	20000
21	37	20000	3	20000
22	37	20000	3	20000
24	54	20000	1	20000
26	27	20000	2	20000
27	57	20000	1	20000
27	67	20000	1	20000
30	32	20000	1	20000
30	33	20000	2	20000
30	34	20000	1	20000
30	31	20000	2	20000
31	44	20000	2	20000
32	46	20000	2	20000
32	45	20000	2	20000
33	64	80000	43	80000
34	35	20000	2	20000
34	36	20000	2	20000
37	38	20000	3	20000
39	40	20000	1	20000
39	41	20000	7	20000
39	42	20000	15	20000
40	42	20000	15	20000
41	46	20000	1	20000
41	69	20000	2	20000
42	48	20000	1	20000
44	64	80000	44	80000
44	47	20000	2	20000
44	69	20000	1	20000
46	66	20000	4	20000
46	78	20000	1	20000
46	49	80000	13	80000
46	63	80000	1	80000
47	66	20000	4	20000
47	63	20000	1	20000
48	49	20000	8	20000
49	50	80000	11	80000
49	51	20000	3	20000
49	52	80000	1	80000
49	53	20000	1	20000
50	65	20000	1	20000
50	73	20000	1	20000
50	75	20000	1	20000
50	76	20000	1	20000
50	77	20000	1	20000
50	52	80000	11	80000
51	61	20000	11	20000
52	74	20000	3	20000
52	53	20000	1	20000
52	73	20000	11	20000
54	68	20000	1	20000
57	59	20000	1	20000
59	67	20000	1	20000
60	61	20000	2	20000
61	66	20000	1	20000
61	78	20000	4	20000
61	63	80000	4	80000
62	64	80000	1	80000
62	63	80000	43	80000
63	65	20000	4	20000
65	66	20000	2	20000
66	73	20000	2	20000
66	76	20000	2	20000
66	77	20000	2	20000
71	72	20000	1	20000
75	77	20000	1	20000
